2 0.028125 0.45625 0.03125 0.0375
2 0.6375000000000001 0.7291666666666666 0.08750000000000001 0.09166666666666666
2 0.784375 0.7958333333333333 0.10625000000000001 0.11666666666666667
2 0.8250000000000001 0.6770833333333334 0.09375 0.09583333333333333
2 0.8046875 0.5208333333333334 0.065625 0.06666666666666667
2 0.5515625000000001 0.4125 0.046875 0.041666666666666664
2 0.734375 0.3875 0.043750000000000004 0.05
2 0.58125 0.29583333333333334 0.037500000000000006 0.03333333333333333
2 0.609375 0.27291666666666664 0.025 0.0375
2 0.6421875 0.29375 0.028125 0.029166666666666667
2 0.6453125000000001 0.2520833333333333 0.028125 0.029166666666666667
2 0.6796875 0.2583333333333333 0.034375 0.03333333333333333
2 0.7250000000000001 0.2520833333333333 0.025 0.020833333333333332
