2 0.546875 0.8416666666666667 0.09375 0.10833333333333334
2 0.9296875 0.9729166666666667 0.12187500000000001 0.04583333333333333
2 0.5875 0.6041666666666666 0.06875 0.075
2 0.47187500000000004 0.44375 0.043750000000000004 0.0625
2 0.4859375 0.37083333333333335 0.040625 0.041666666666666664
2 0.515625 0.32916666666666666 0.03125 0.03333333333333333
2 0.540625 0.30625 0.037500000000000006 0.0375
2 0.565625 0.27708333333333335 0.03125 0.0375
2 0.59375 0.2625 0.018750000000000003 0.016666666666666666
2 0.628125 0.23958333333333334 0.025 0.029166666666666667
2 0.61875 0.27291666666666664 0.03125 0.029166666666666667
2 0.5859375 0.3125 0.040625 0.03333333333333333
2 0.5703125 0.3375 0.028125 0.03333333333333333
2 0.5593750000000001 0.3770833333333333 0.05 0.0625
2 0.6140625000000001 0.375 0.040625 0.041666666666666664
2 0.6140625000000001 0.4666666666666667 0.053125000000000006 0.058333333333333334
2 0.6265625 0.31666666666666665 0.034375 0.041666666666666664
2 0.6421875 0.28541666666666665 0.034375 0.029166666666666667
2 0.6875 0.24583333333333332 0.03125 0.025
2 0.7156250000000001 0.2375 0.025 0.03333333333333333
2 0.7375 0.22291666666666665 0.018750000000000003 0.029166666666666667
2 0.7515625 0.23541666666666666 0.015625 0.020833333333333332
2 0.71875 0.2604166666666667 0.025 0.020833333333333332
2 0.70625 0.27291666666666664 0.025 0.020833333333333332
2 0.690625 0.2895833333333333 0.03125 0.029166666666666667
2 0.6703125000000001 0.31666666666666665 0.034375 0.03333333333333333
2 0.6703125000000001 0.3645833333333333 0.040625 0.04583333333333333
2 0.6671875 0.41041666666666665 0.046875 0.05416666666666667
2 0.7250000000000001 0.5083333333333333 0.0625 0.075
2 0.7625000000000001 0.2583333333333333 0.018750000000000003 0.025
2 0.7421875 0.275 0.028125 0.03333333333333333
2 0.734375 0.3020833333333333 0.03125 0.029166666666666667
2 0.7250000000000001 0.32708333333333334 0.037500000000000006 0.029166666666666667
2 0.7328125000000001 0.3729166666666667 0.046875 0.04583333333333333
2 0.8546875 0.5916666666666667 0.07187500000000001 0.075
2 0.8093750000000001 0.6708333333333333 0.08125 0.08333333333333333
2 0.9593750000000001 0.7333333333333333 0.07500000000000001 0.1
0 0.7796875000000001 0.23124999999999998 0.040625 0.0625
1 0.6734375 0.21458333333333332 0.053125000000000006 0.05416666666666667
