2 0.8453125 0.8875 0.109375 0.125
2 0.5078125 0.75 0.084375 0.1
2 0.640625 0.7354166666666666 0.10625000000000001 0.12916666666666665
2 0.821875 0.6979166666666666 0.08750000000000001 0.0875
2 0.47187500000000004 0.55 0.06875 0.06666666666666667
2 0.5484375 0.5083333333333333 0.059375000000000004 0.075
2 0.6296875000000001 0.5083333333333333 0.065625 0.08333333333333333
2 0.7453125 0.5770833333333333 0.065625 0.07083333333333333
2 0.6953125 0.47291666666666665 0.046875 0.05416666666666667
2 0.7640625000000001 0.45416666666666666 0.046875 0.05
2 0.753125 0.4083333333333333 0.043750000000000004 0.041666666666666664
2 0.49375 0.36666666666666664 0.037500000000000006 0.05
2 0.546875 0.4041666666666667 0.043750000000000004 0.05
2 0.525 0.33541666666666664 0.03125 0.0375
2 0.5578125 0.3625 0.034375 0.041666666666666664
2 0.5359375000000001 0.29375 0.034375 0.0375
2 0.5593750000000001 0.275 0.03125 0.041666666666666664
2 0.5953125 0.2875 0.028125 0.03333333333333333
2 0.5765625 0.31875 0.034375 0.0375
2 0.6390625000000001 0.29791666666666666 0.028125 0.029166666666666667
2 0.628125 0.2583333333333333 0.03125 0.041666666666666664
2 0.6843750000000001 0.2916666666666667 0.037500000000000006 0.03333333333333333
0 0.6625000000000001 0.24791666666666667 0.043750000000000004 0.0875
0 0.89375 0.6 0.19375 0.2833333333333333
0 0.609375 0.36875 0.05 0.12916666666666665
0 0.6734375 0.36041666666666666 0.053125000000000006 0.12083333333333333
0 0.7312500000000001 0.3416666666666667 0.0625 0.125
2 0.8734375000000001 0.24791666666666667 0.028125 0.029166666666666667
2 0.8625 0.23333333333333334 0.018750000000000003 0.025
2 0.8812500000000001 0.21666666666666667 0.025 0.025
2 0.8953125000000001 0.20416666666666666 0.021875000000000002 0.025
2 0.9109375000000001 0.18541666666666667 0.015625 0.020833333333333332
2 0.925 0.18958333333333333 0.018750000000000003 0.020833333333333332
2 0.9265625000000001 0.16875 0.015625 0.0125
2 0.9484375 0.15833333333333333 0.015625 0.03333333333333333
2 0.9281250000000001 0.15208333333333332 0.0125 0.020833333333333332
2 0.9234375 0.13125 0.015625 0.020833333333333332
2 0.8968750000000001 0.1625 0.018750000000000003 0.016666666666666666
2 0.89375 0.17916666666666667 0.025 0.016666666666666666
2 0.8765625 0.17291666666666666 0.015625 0.020833333333333332
2 0.8984375 0.13958333333333334 0.015625 0.020833333333333332
2 0.8515625 0.2 0.021875000000000002 0.03333333333333333
2 0.8718750000000001 0.19375 0.025 0.020833333333333332
2 0.8343750000000001 0.2 0.018750000000000003 0.016666666666666666
2 0.8296875 0.21875 0.028125 0.020833333333333332
2 0.8078125 0.22916666666666666 0.021875000000000002 0.025
2 0.7468750000000001 0.26875 0.03125 0.0375
2 0.703125 0.27291666666666664 0.025 0.0375
2 0.6921875000000001 0.24375 0.028125 0.0375
2 0.7156250000000001 0.22083333333333333 0.0125 0.025
2 0.7312500000000001 0.2125 0.018750000000000003 0.025
2 0.7203125 0.2520833333333333 0.021875000000000002 0.029166666666666667
2 0.721875 0.24583333333333332 0.025 0.025
2 0.7453125 0.23958333333333334 0.028125 0.020833333333333332
2 0.75 0.21875 0.025 0.020833333333333332
2 0.78125 0.20833333333333334 0.037500000000000006 0.025
2 0.7765625 0.22916666666666666 0.028125 0.016666666666666666
2 0.7671875 0.24791666666666667 0.021875000000000002 0.020833333333333332
2 0.9578125000000001 0.3 0.046875 0.041666666666666664
2 0.05625 0.4083333333333333 0.037500000000000006 0.05
2 0.1390625 0.38958333333333334 0.040625 0.029166666666666667
2 0.0578125 0.46249999999999997 0.040625 0.041666666666666664
