2 0.5234375 0.8979166666666667 0.109375 0.12916666666666665
2 0.4890625 0.725 0.096875 0.125
2 0.47500000000000003 0.575 0.06875 0.06666666666666667
2 0.46875 0.4770833333333333 0.05625 0.05416666666666667
2 0.49062500000000003 0.37083333333333335 0.037500000000000006 0.058333333333333334
2 0.5078125 0.3416666666666667 0.034375 0.03333333333333333
2 0.521875 0.31875 0.03125 0.0375
2 0.540625 0.29791666666666666 0.03125 0.029166666666666667
2 0.5625 0.275 0.03125 0.03333333333333333
2 0.5875 0.2625 0.03125 0.025
2 0.6125 0.24791666666666667 0.018750000000000003 0.029166666666666667
2 0.7203125 0.9375 0.12812500000000002 0.10833333333333334
2 0.6546875000000001 0.8229166666666666 0.10312500000000001 0.09583333333333333
2 0.6125 0.7 0.08750000000000001 0.1
2 0.584375 0.6229166666666667 0.06875 0.07083333333333333
2 0.5640625 0.5458333333333333 0.059375000000000004 0.075
2 0.553125 0.49166666666666664 0.05 0.058333333333333334
2 0.5437500000000001 0.46249999999999997 0.037500000000000006 0.041666666666666664
2 0.5484375 0.425 0.040625 0.041666666666666664
2 0.5421875 0.39375 0.040625 0.0375
0 0.5609375 0.34791666666666665 0.040625 0.05416666666666667
2 0.659375 0.5958333333333333 0.06875 0.058333333333333334
2 0.578125 0.3104166666666667 0.03125 0.029166666666666667
2 0.6531250000000001 0.5458333333333333 0.0625 0.05
2 0.6218750000000001 0.49166666666666664 0.05625 0.058333333333333334
2 0.6171875 0.4354166666666667 0.053125000000000006 0.04583333333333333
2 0.6171875 0.4041666666666667 0.034375 0.025
2 0.6156250000000001 0.39375 0.037500000000000006 0.0375
2 0.6156250000000001 0.3645833333333333 0.03125 0.04583333333333333
2 0.6140625000000001 0.3333333333333333 0.028125 0.03333333333333333
2 0.9453125 0.8270833333333333 0.10312500000000001 0.10416666666666667
2 0.859375 0.7520833333333333 0.08750000000000001 0.0875
2 0.8343750000000001 0.5791666666666666 0.06875 0.06666666666666667
2 0.8046875 0.5333333333333333 0.059375000000000004 0.058333333333333334
1 0.675 0.3833333333333333 0.07500000000000001 0.14166666666666666
2 0.7265625 0.3875 0.028125 0.03333333333333333
1 0.7578125 0.425 0.059375000000000004 0.1
0 0.07968750000000001 0.39166666666666666 0.07187500000000001 0.058333333333333334
2 0.11406250000000001 0.4 0.028125 0.03333333333333333
2 0.13593750000000002 0.4083333333333333 0.028125 0.03333333333333333
2 0.9703125 0.3145833333333333 0.040625 0.0375
2 0.9375 0.3020833333333333 0.037500000000000006 0.029166666666666667
2 0.8984375 0.28541666666666665 0.028125 0.029166666666666667
0 0.9265625000000001 0.6375 0.140625 0.225
