2 0.5796875 0.9458333333333333 0.10312500000000001 0.1
2 0.728125 0.9375 0.11875000000000001 0.11666666666666667
2 0.859375 0.8854166666666666 0.10625000000000001 0.1125
2 0.5078125 0.6875 0.084375 0.125
2 0.9453125 0.8354166666666667 0.10312500000000001 0.12916666666666665
2 0.478125 0.5583333333333333 0.07500000000000001 0.09166666666666666
2 0.47968750000000004 0.4458333333333333 0.046875 0.058333333333333334
2 0.47968750000000004 0.4041666666666667 0.040625 0.075
2 0.509375 0.3375 0.037500000000000006 0.041666666666666664
2 0.53125 0.3020833333333333 0.03125 0.029166666666666667
2 0.6000000000000001 0.25 0.025 0.03333333333333333
2 0.6125 0.6729166666666666 0.08125 0.0875
2 0.553125 0.49166666666666664 0.043750000000000004 0.05
2 0.5484375 0.43333333333333335 0.040625 0.05
2 0.55625 0.36041666666666666 0.037500000000000006 0.0375
2 0.6015625 0.28541666666666665 0.021875000000000002 0.029166666666666667
2 0.6875 0.63125 0.06875 0.07083333333333333
2 0.64375 0.5208333333333334 0.05 0.058333333333333334
2 0.6140625000000001 0.4 0.040625 0.041666666666666664
2 0.6078125000000001 0.35625 0.034375 0.04583333333333333
2 0.628125 0.30833333333333335 0.025 0.03333333333333333
2 0.859375 0.70625 0.08750000000000001 0.07916666666666666
2 0.71875 0.51875 0.05625 0.0625
0 0.71875 0.46249999999999997 0.05625 0.075
2 0.6765625000000001 0.41875 0.034375 0.0625
2 0.6671875 0.34791666666666665 0.034375 0.04583333333333333
2 0.6703125000000001 0.3104166666666667 0.021875000000000002 0.029166666666666667
0 0.8421875000000001 0.575 0.065625 0.075
2 0.9296875 0.6791666666666667 0.084375 0.09166666666666666
2 0.7562500000000001 0.4354166666666667 0.043750000000000004 0.05416666666666667
