2 0.5296875 0.85625 0.115625 0.14583333333333334
2 0.484375 0.6729166666666666 0.08125 0.1125
2 0.478125 0.56875 0.06875 0.07916666666666666
2 0.465625 0.4979166666666667 0.05 0.0625
2 0.4703125 0.46041666666666664 0.040625 0.04583333333333333
2 0.4765625 0.4395833333333333 0.040625 0.029166666666666667
2 0.47500000000000003 0.4125 0.037500000000000006 0.041666666666666664
2 0.484375 0.3854166666666667 0.03125 0.04583333333333333
2 0.509375 0.3458333333333333 0.03125 0.041666666666666664
2 0.525 0.3125 0.025 0.041666666666666664
2 0.540625 0.29583333333333334 0.018750000000000003 0.041666666666666664
2 0.7328125000000001 0.94375 0.10312500000000001 0.09583333333333333
2 0.65625 0.79375 0.08125 0.10416666666666667
2 0.596875 0.6625 0.07500000000000001 0.09166666666666666
2 0.5750000000000001 0.60625 0.05625 0.0625
2 0.5734375 0.5583333333333333 0.059375000000000004 0.06666666666666667
2 0.5578125 0.5083333333333333 0.053125000000000006 0.06666666666666667
2 0.5515625000000001 0.48541666666666666 0.053125000000000006 0.04583333333333333
2 0.553125 0.4354166666666667 0.043750000000000004 0.0375
2 0.546875 0.3833333333333333 0.037500000000000006 0.03333333333333333
2 0.7625000000000001 0.7708333333333334 0.09375 0.11666666666666667
2 0.7125 0.6833333333333333 0.07500000000000001 0.09166666666666666
2 0.8953125000000001 0.7833333333333333 0.09062500000000001 0.1
2 0.8296875 0.69375 0.078125 0.07916666666666666
2 0.775 0.6229166666666667 0.06875 0.0875
2 0.7406250000000001 0.5458333333333333 0.05 0.075
2 0.7171875000000001 0.48125 0.040625 0.05416666666666667
2 0.6875 0.4479166666666667 0.037500000000000006 0.05416666666666667
2 0.6796875 0.4145833333333333 0.034375 0.0375
2 0.6265625 0.48333333333333334 0.040625 0.058333333333333334
2 0.6156250000000001 0.4375 0.037500000000000006 0.05
2 0.6078125000000001 0.39375 0.046875 0.0625
2 0.6125 0.3625 0.037500000000000006 0.03333333333333333
2 0.7625000000000001 0.46249999999999997 0.037500000000000006 0.058333333333333334
2 0.759375 0.41041666666666665 0.037500000000000006 0.04583333333333333
2 0.7406250000000001 0.375 0.037500000000000006 0.058333333333333334
2 0.7312500000000001 0.3375 0.03125 0.058333333333333334
0 0.6734375 0.3541666666666667 0.059375000000000004 0.125
0 0.6703125000000001 0.5541666666666667 0.096875 0.18333333333333332
0 0.8390625 0.5125 0.134375 0.2
